11111111
22222222
33333333
44444444
55555555
66666666
77777777
88888888
99999999
1010101010101010
1111111111111111
1212121212121212
1313131313131313
1414141414141414
1515151515151515
1616161616161616
1717171717171717
1818181818181818
1919191919191919
2020202020202020
2121212121212121
2222222222222222
2323232323232323
2424242424242424
2525252525252525
2626262626262626
2727272727272727
2828282828282828
2929292929292929
3030303030303030
3131313131313131
3232323232323232
3333333333333333
3434343434343434
3535353535353535
3636363636363636
3737373737373737
3838383838383838
3939393939393939
4040404040404040
4141414141414141
4242424242424242
4343434343434343
4444444444444444
4545454545454545
4646464646464646
4747474747474747
4848484848484848
4949494949494949
5050505050505050
5151515151515151
5252525252525252
5353535353535353
5454545454545454
5555555555555555
5656565656565656
5757575757575757
5858585858585858
5959595959595959
6060606060606060
6161616161616161
6262626262626262
6363636363636363
6464646464646464
6565656565656565
6666666666666666
6767676767676767
6868686868686868
6969696969696969
7070707070707070
7171717171717171
7272727272727272
7373737373737373
7474747474747474
7575757575757575
7676767676767676
7777777777777777
7878787878787878
7979797979797979
8080808080808080
8181818181818181
8282828282828282
8383838383838383
8484848484848484
8585858585858585
8686868686868686
8787878787878787
8888888888888888
8989898989898989
9090909090909090
9191919191919191
9292929292929292
9393939393939393
9494949494949494
9595959595959595
9696969696969696
9797979797979797
9898989898989898
9999999999999999
100100100100100100100100
